0    3
1    225
2    1
3    225
4    6
5    6
6    1100
7    1
8    238
9    225
10   104
11   0
12   1101
13   33
14   37
15   225
16   101
17   6
18   218
19   224
20   1001
21   224
22   -82
23   224
24   4
25   224
26   102
27   8
28   223
29   223
30   101
31   7
32   224
33   224
34   1
35   223
36   224
37   223
38   1102
39   87
40   62
41   225
42   1102
43   75
44   65
45   224
46   1001
47   224
48   -4875
49   224
50   4
51   224
52   1002
53   223
54   8
55   223
56   1001
57   224
58   5
59   224
60   1
61   224
62   223
63   223
64   1102
65   49
66   27
67   225
68   1101
69   6
70   9
71   225
72   2
73   69
74   118
75   224
76   101
77   -300
78   224
79   224
80   4
81   224
82   102
83   8
84   223
85   223
86   101
87   6
88   224
89   224
90   1
91   224
92   223
93   223
94   1101
95   76
96   37
97   224
98   1001
99   224
100  -113
101  224
102  4
103  224
104  1002
105  223
106  8
107  223
108  101
109  5
110  224
111  224
112  1
113  224
114  223
115  223
116  1101
117  47
118  50
119  225
120  102
121  43
122  165
123  224
124  1001
125  224
126  -473
127  224
128  4
129  224
130  102
131  8
132  223
133  223
134  1001
135  224
136  3
137  224
138  1
139  224
140  223
141  223
142  1002
143  39
144  86
145  224
146  101
147  -7482
148  224
149  224
150  4
151  224
152  102
153  8
154  223
155  223
156  1001
157  224
158  6
159  224
160  1
161  223
162  224
163  223
164  1102
165  11
166  82
167  225
168  1
169  213
170  65
171  224
172  1001
173  224
174  -102
175  224
176  4
177  224
178  1002
179  223
180  8
181  223
182  1001
183  224
184  6
185  224
186  1
187  224
188  223
189  223
190  1001
191  14
192  83
193  224
194  1001
195  224
196  -120
197  224
198  4
199  224
200  1002
201  223
202  8
203  223
204  101
205  1
206  224
207  224
208  1
209  223
210  224
211  223
212  1102
213  53
214  39
215  225
216  1101
217  65
218  76
219  225
220  4
221  223
222  99
223  0
224  0
225  0
226  677
227  0
228  0
229  0
230  0
231  0
232  0
233  0
234  0
235  0
236  0
237  0
238  1105
239  0
240  99999
241  1105
242  227
243  247
244  1105
245  1
246  99999
247  1005
248  227
249  99999
250  1005
251  0
252  256
253  1105
254  1
255  99999
256  1106
257  227
258  99999
259  1106
260  0
261  265
262  1105
263  1
264  99999
265  1006
266  0
267  99999
268  1006
269  227
270  274
271  1105
272  1
273  99999
274  1105
275  1
276  280
277  1105
278  1
279  99999
280  1
281  225
282  225
283  225
284  1101
285  294
286  0
287  0
288  105
289  1
290  0
291  1105
292  1
293  99999
294  1106
295  0
296  300
297  1105
298  1
299  99999
300  1
301  225
302  225
303  225
304  1101
305  314
306  0
307  0
308  106
309  0
310  0
311  1105
312  1
313  99999
314  1107
315  677
316  226
317  224
318  1002
319  223
320  2
321  223
322  1005
323  224
324  329
325  101
326  1
327  223
328  223
329  8
330  677
331  226
332  224
333  102
334  2
335  223
336  223
337  1006
338  224
339  344
340  1001
341  223
342  1
343  223
344  108
345  677
346  677
347  224
348  1002
349  223
350  2
351  223
352  1006
353  224
354  359
355  1001
356  223
357  1
358  223
359  1108
360  226
361  677
362  224
363  102
364  2
365  223
366  223
367  1006
368  224
369  374
370  1001
371  223
372  1
373  223
374  1008
375  677
376  226
377  224
378  102
379  2
380  223
381  223
382  1005
383  224
384  389
385  101
386  1
387  223
388  223
389  7
390  226
391  677
392  224
393  102
394  2
395  223
396  223
397  1005
398  224
399  404
400  1001
401  223
402  1
403  223
404  1007
405  677
406  677
407  224
408  1002
409  223
410  2
411  223
412  1006
413  224
414  419
415  101
416  1
417  223
418  223
419  107
420  677
421  226
422  224
423  102
424  2
425  223
426  223
427  1006
428  224
429  434
430  101
431  1
432  223
433  223
434  7
435  677
436  677
437  224
438  1002
439  223
440  2
441  223
442  1005
443  224
444  449
445  101
446  1
447  223
448  223
449  108
450  677
451  226
452  224
453  1002
454  223
455  2
456  223
457  1006
458  224
459  464
460  101
461  1
462  223
463  223
464  1008
465  226
466  226
467  224
468  1002
469  223
470  2
471  223
472  1006
473  224
474  479
475  101
476  1
477  223
478  223
479  107
480  677
481  677
482  224
483  1002
484  223
485  2
486  223
487  1006
488  224
489  494
490  1001
491  223
492  1
493  223
494  1108
495  677
496  226
497  224
498  102
499  2
500  223
501  223
502  1005
503  224
504  509
505  101
506  1
507  223
508  223
509  1007
510  226
511  677
512  224
513  102
514  2
515  223
516  223
517  1005
518  224
519  524
520  1001
521  223
522  1
523  223
524  1008
525  677
526  677
527  224
528  102
529  2
530  223
531  223
532  1005
533  224
534  539
535  1001
536  223
537  1
538  223
539  1107
540  677
541  677
542  224
543  1002
544  223
545  2
546  223
547  1006
548  224
549  554
550  1001
551  223
552  1
553  223
554  1007
555  226
556  226
557  224
558  1002
559  223
560  2
561  223
562  1005
563  224
564  569
565  1001
566  223
567  1
568  223
569  7
570  677
571  226
572  224
573  1002
574  223
575  2
576  223
577  1006
578  224
579  584
580  1001
581  223
582  1
583  223
584  108
585  226
586  226
587  224
588  102
589  2
590  223
591  223
592  1005
593  224
594  599
595  1001
596  223
597  1
598  223
599  8
600  677
601  677
602  224
603  102
604  2
605  223
606  223
607  1005
608  224
609  614
610  1001
611  223
612  1
613  223
614  1107
615  226
616  677
617  224
618  102
619  2
620  223
621  223
622  1005
623  224
624  629
625  1001
626  223
627  1
628  223
629  8
630  226
631  677
632  224
633  102
634  2
635  223
636  223
637  1006
638  224
639  644
640  1001
641  223
642  1
643  223
644  1108
645  226
646  226
647  224
648  1002
649  223
650  2
651  223
652  1006
653  224
654  659
655  101
656  1
657  223
658  223
659  107
660  226
661  226
662  224
663  1002
664  223
665  2
666  223
667  1006
668  224
669  674
670  1001
671  223
672  1
673  223
674  4
675  223
676  99
677  226

