0  [1, 12, 2, 3]
4  [1, 1, 2, 3]
8  [1, 3, 4, 3]
12  [1, 5, 0, 3]
16  [2, 9, 1, 19]
20  [1, 19, 5, 23]
24  [1, 23, 5, 27]
28  [2, 27, 10, 31]
32  [1, 31, 9, 35]
36  [1, 35, 5, 39]
40  [1, 6, 39, 43]
44  [2, 9, 43, 47]
48  [1, 5, 47, 51]
52  [2, 6, 51, 55]
56  [1, 5, 55, 59]
60  [2, 10, 59, 63]
64  [1, 63, 6, 67]
68  [2, 67, 6, 71]
72  [2, 10, 71, 75]
76  [1, 6, 75, 79]
80  [2, 79, 9, 83]
84  [1, 83, 5, 87]
88  [1, 87, 9, 91]
92  [1, 91, 9, 95]
96  [1, 10, 95, 99]
100  [1, 99, 13, 103]
104  [2, 6, 103, 107]
108  [1, 107, 5, 111]
112  [1, 6, 111, 115]
116  [1, 9, 115, 119]
120  [1, 119, 9, 123]
124  [2, 123, 10, 127]
128  [1, 6, 127, 131]
132  [2, 131, 13, 135]
136  [1, 13, 135, 139]
140  [1, 9, 139, 143]
144  [1, 9, 143, 147]
148  [1, 147, 13, 151]
152  [1, 151, 9, 155]
156  [1, 155, 13, 159]
160  [1, 6, 159, 163]
164  [1, 13, 163, 167]
168  [1, 2, 167, 171]
172  [1, 171, 13, 0]
